Sek
|              n|           x(n)|         x(n-1)|          Dx(n)|        Dx(n-1)|         D2x(n)|
+---------------+---------------+---------------+---------------+---------------+---------------+
|              1|             -1|              0|     -2423.5664|             13|     2436.56638|
|              2|-0.005335376913|             -1|      12.484097|   -2423.566378|     2449.11744|
|              3| -0.01043276308|-0.005335376913|      11.993912|    12.48409736|     96.1641473|
|              4|  -0.1351560816| -0.01043276308|    -0.45897317|    11.99391157|      99.844078|
|              5|  -0.1305591823|  -0.1351560816|    0.055993091|  -0.4589731675|       112.0247|
|              6|  -0.1310590104|  -0.1305591823|  0.00035604668|  0.05599309072|     111.312361|
|              7|   -0.131062209|  -0.1310590104| -2.7556113e-07|0.0003560466792|     111.398511|

Minimum at the point: -0.131 value: 8.1275 

Func was called 9 times 

Sek
|              n|           x(n)|         x(n-1)|          Dx(n)|        Dx(n-1)|         D2x(n)|
+---------------+---------------+---------------+---------------+---------------+---------------+
|              1|             -1|              0|     -2423.5664|             13|     2436.56638|
|              2|-0.005335376913|             -1|      12.484097|   -2423.566378|     2449.11744|
|              3| -0.01043276308|-0.005335376913|      11.993912|    12.48409736|     96.1641473|
|              4|  -0.1351560816| -0.01043276308|    -0.45897317|    11.99391157|      99.844078|
|              5|  -0.1305591823|  -0.1351560816|    0.055993091|  -0.4589731675|       112.0247|
|              6|  -0.1310590104|  -0.1305591823|  0.00035604668|  0.05599309072|     111.312361|
|              7|   -0.131062209|  -0.1310590104| -2.7556113e-07|0.0003560466792|     111.398511|

Minimum at the point: -0.131 value: 8.1275 

Func was called 9 times 

Sek
|              n|           x(n)|         x(n-1)|          Dx(n)|        Dx(n-1)|         D2x(n)|
+---------------+---------------+---------------+---------------+---------------+---------------+
|              1|             -1|              0|     -2423.5664|             13|     2436.56638|
|              2|-0.005335376913|             -1|      12.484097|   -2423.566378|     2449.11744|
|              3| -0.01043276308|-0.005335376913|      11.993912|    12.48409736|     96.1641473|
|              4|  -0.1351560816| -0.01043276308|    -0.45897317|    11.99391157|      99.844078|
|              5|  -0.1305591823|  -0.1351560816|    0.055993091|  -0.4589731675|       112.0247|
|              6|  -0.1310590104|  -0.1305591823|  0.00035604668|  0.05599309072|     111.312361|
|              7|   -0.131062209|  -0.1310590104| -2.7556113e-07|0.0003560466792|     111.398511|

Minimum at the point: -0.1311 value: 8.1275 

Func was called 9 times 

Sek
|              n|           x(n)|         x(n-1)|          Dx(n)|        Dx(n-1)|         D2x(n)|
+---------------+---------------+---------------+---------------+---------------+---------------+
|              1|             -1|              0|     -2423.5664|             13|     2436.56638|
|              2|-0.005335376913|             -1|      12.484097|   -2423.566378|     2449.11744|
|              3| -0.01043276308|-0.005335376913|      11.993912|    12.48409736|     96.1641473|
|              4|  -0.1351560816| -0.01043276308|    -0.45897317|    11.99391157|      99.844078|
|              5|  -0.1305591823|  -0.1351560816|    0.055993091|  -0.4589731675|       112.0247|
|              6|  -0.1310590104|  -0.1305591823|  0.00035604668|  0.05599309072|     111.312361|
|              7|   -0.131062209|  -0.1310590104| -2.7556113e-07|0.0003560466792|     111.398511|

Minimum at the point: -0.1311 value: 8.127 

Func was called 9 times 

NethonRavson
|              n|           x(n)|          Dx(n)|         D2x(n)|
+---------------+---------------+---------------+---------------+
|              1|             -1|     -2423.5664|     14541.4812|
|              2|  -0.8333342844|     -890.54689|     5360.04771|
|              3|  -0.6671889558|     -325.89319|     1988.16475|
|              4|  -0.5032723623|      -117.4953|     753.882482|
|              5|  -0.3474187558|     -40.160082|     307.854149|
|              6|  -0.2169671066|     -11.267464|     156.364892|
|              7|  -0.1449083229|     -1.5770392|     116.520106|
|              8|  -0.1313738414|   -0.034732512|     111.506187|
|              9|  -0.1310623563| -1.6685933e-05|     111.399111|
|             10|  -0.1310622066| -3.8463538e-12|     111.399059|

Minimum at the point: -0.1311 value: 8.127 

Func was called 21 times 

Fib
|              n|           a(n)|           b(n)|           c(n)|        F(c(n))|           d(n)|        F(d(n))|
+---------------+---------------+---------------+---------------+---------------+---------------+---------------+
|              0|  -0.6180339887|              0|  -0.3819660113|    13.30920602|  -0.2360679773|    8.828569441|
|              1|  -0.3819660113|              0|  -0.2360679773|    8.828569441|   -0.145898034|    8.139984785|
|              2|  -0.2360679773|              0|   -0.145898034|    8.139984785| -0.09016994335|    8.217193632|
|              3|  -0.2360679773| -0.09016994335|  -0.1803398867|    8.270592087|   -0.145898034|    8.139984785|
|              4|  -0.1803398867| -0.09016994335|   -0.145898034|    8.139984785|  -0.1246117961|    8.129833171|
|              5|   -0.145898034| -0.09016994335|  -0.1246117961|    8.129833171|  -0.1114561813|    8.148533541|
|              6|   -0.145898034|  -0.1114561813|  -0.1327424192|    8.127688232|  -0.1246117961|    8.129833171|
|              7|   -0.145898034|  -0.1246117961|  -0.1377674109|    8.130052515|  -0.1327424192|    8.127688232|
|              8|  -0.1377674109|  -0.1246117961|  -0.1327424192|    8.127688232|  -0.1296367877|    8.127643719|
|              9|  -0.1327424192|  -0.1246117961|  -0.1296367877|    8.127643719|  -0.1277174275|    8.128151734|
|             10|  -0.1327424192|  -0.1277174275|   -0.130823059|    8.127533898|  -0.1296367877|    8.127643719|
|             11|  -0.1327424192|  -0.1296367877|   -0.131556148|    8.127544309|   -0.130823059|    8.127533898|
|             12|   -0.131556148|  -0.1296367877|   -0.130823059|    8.127533898|  -0.1303698767|    8.127557392|
|             13|   -0.131556148|  -0.1303698767|  -0.1311029657|    8.127530806|   -0.130823059|    8.127533898|
|             14|   -0.131556148|   -0.130823059|  -0.1312762413|    8.127533265|  -0.1311029657|    8.127530806|
|             15|  -0.1312762413|   -0.130823059|  -0.1311029657|    8.127530806|  -0.1309963346|    8.127530955|
|             16|  -0.1312762413|  -0.1309963346|  -0.1311696101|    8.127531356|  -0.1311029657|    8.127530806|
|             17|  -0.1311696101|  -0.1309963346|  -0.1311029657|    8.127530806|   -0.131062979|    8.127530713|
|             18|  -0.1311029657|  -0.1309963346|   -0.131062979|    8.127530713|  -0.1310363212|     8.12753075|
|             19|  -0.1311029657|  -0.1310363212|  -0.1310763079|    8.127530724|   -0.131062979|    8.127530713|
|             20|  -0.1310763079|  -0.1310363212|   -0.131062979|    8.127530713|  -0.1310496501|    8.127530722|
|             21|  -0.1310763079|  -0.1310496501|   -0.131062979|    8.127530713|   -0.131062979|    8.127530713|

Minimum at the point: -0.1311 value: 8.127 

Func was called 25 times 

